#HSC
1.3781825172499744e-14 0.9923329701464144
2.0386962214216296e-14 0.7399630711388486
3.6131082048569125e-14 0.46744405485189294
5.186164699804719e-14 0.33978464194683666
9.472294660980999e-14 0.19882936733359163
1.4882019542594257e-13 0.13387768772608066
2.3381293930653395e-13 0.09014380275530808
3.3560921606474865e-13 0.06552544507736523
4.535637378654599e-13 0.0514196012795374
6.129750151640651e-13 0.041393081850172056
8.537440011883769e-13 0.032899162459225376
1.301529126327214e-12 0.02484710651027659
2.1073710381440154e-12 0.018292912018181298
3.7348181198307276e-12 0.013992809868529932
5.867811152065606e-12 0.011408672105850759
1.0090765958404256e-11 0.009301646456951003
1.8993870508534684e-11 0.007298920360509161
2.5669530191690215e-11 0.006424492789471061
3.266340667395053e-11 0.0059509096309359475
4.156282283238864e-11 0.005654682131859009
5.96582311893723e-11 0.0053731107422326976
8.56319255070208e-11 0.00523749617620579
1.2291391346758956e-10 0.005170848484828274
1.9901607746380783e-10 0.005170503366278432
2.689630429350057e-10 0.0053719901399423365
3.860627912960165e-10 0.005652936816594956
5.217499230927305e-10 0.006102348575871106
8.447914494101492e-10 0.006844307611796225
1.0749618890840672e-9 0.007579426684308187
2.3522562464293388e-9 0.010293267071192708
4.846355900319036e-9 0.014340162801772543
2.320590074366825e-8 0.03004619721728502
5.3932541078276326e-8 0.04695097368389144
1.9108630463345003e-7 0.10485737536943941
8.614930904383515e-7 0.31402389187111845
0.0000020021852201274774 0.776718706464866
0.000002547697195594468 1.015296201913659
